timestamp,global_step,epoch,iter,loss
2026-04-19T02:28:39.812373+00:00,1,1,0,5.545164585113525
2026-04-19T02:28:39.920913+00:00,2,1,1,5.543616771697998
2026-04-19T02:28:40.042047+00:00,3,1,2,5.542111873626709
2026-04-19T02:28:40.158123+00:00,4,1,3,5.540458679199219
2026-04-19T02:28:40.273288+00:00,5,1,4,5.538731098175049
2026-04-19T02:28:40.385447+00:00,6,1,5,5.536805152893066
2026-04-19T02:28:40.496964+00:00,7,1,6,5.534524440765381
2026-04-19T02:28:40.610559+00:00,8,1,7,5.531913757324219
2026-04-19T02:28:40.803208+00:00,9,1,8,5.529150009155273
2026-04-19T02:28:40.935729+00:00,10,1,9,5.5256171226501465
2026-04-19T02:28:41.056073+00:00,11,1,10,5.522095680236816
2026-04-19T02:28:41.177226+00:00,12,1,11,5.516073226928711
2026-04-19T02:28:41.281776+00:00,13,1,12,5.509960651397705
2026-04-19T02:28:41.387313+00:00,14,1,13,5.502314567565918
2026-04-19T02:28:41.492514+00:00,15,1,14,5.491214752197266
2026-04-19T02:28:41.624703+00:00,16,1,15,5.478126525878906
2026-04-19T02:28:41.729251+00:00,17,1,16,5.461667060852051
2026-04-19T02:28:41.834792+00:00,18,1,17,5.436192512512207
2026-04-19T02:28:41.965015+00:00,19,1,18,5.388354301452637
2026-04-19T02:28:42.103494+00:00,20,1,19,5.318782329559326
2026-04-19T02:28:42.236892+00:00,21,1,20,5.199199199676514
2026-04-19T02:28:42.346418+00:00,22,1,21,4.994809150695801
2026-04-19T02:28:42.462451+00:00,23,1,22,4.7433929443359375
2026-04-19T02:28:42.568969+00:00,24,1,23,4.494808197021484
2026-04-19T02:28:42.679491+00:00,25,1,24,4.284918308258057
2026-04-19T02:28:42.786012+00:00,26,1,25,4.095426559448242
2026-04-19T02:28:42.906541+00:00,27,1,26,3.9505224227905273
2026-04-19T02:28:43.027572+00:00,28,1,27,3.8526132106781006
2026-04-19T02:28:43.158107+00:00,29,1,28,3.717571496963501
2026-04-19T02:28:43.302152+00:00,30,1,29,3.6554715633392334
2026-04-19T02:28:43.449448+00:00,31,1,30,3.590212106704712
2026-04-19T02:28:43.592162+00:00,32,1,31,3.4760022163391113
2026-04-19T02:28:43.696684+00:00,33,1,32,3.4291365146636963
2026-04-19T02:28:43.810215+00:00,34,1,33,3.4019312858581543
2026-04-19T02:28:43.919745+00:00,35,1,34,3.322962760925293
2026-04-19T02:28:44.029856+00:00,36,1,35,3.307450532913208
2026-04-19T02:28:44.148405+00:00,37,1,36,3.272087812423706
2026-04-19T02:28:44.252922+00:00,38,1,37,3.279742956161499
2026-04-19T02:28:44.360211+00:00,39,1,38,3.2284164428710938
2026-04-19T02:28:44.477254+00:00,40,1,39,3.215895891189575
2026-04-19T02:28:44.613777+00:00,41,1,40,3.1989758014678955
2026-04-19T02:28:44.768817+00:00,42,1,41,3.240355968475342
2026-04-19T02:28:44.936343+00:00,43,1,42,3.173008441925049
2026-04-19T02:28:45.070389+00:00,44,1,43,3.1908721923828125
2026-04-19T02:28:45.202919+00:00,45,1,44,3.1473746299743652
2026-04-19T02:28:45.340447+00:00,46,1,45,3.18495512008667
2026-04-19T02:28:45.485518+00:00,47,1,46,3.165006160736084
2026-04-19T02:28:45.629045+00:00,48,1,47,3.2194271087646484
2026-04-19T02:28:45.761079+00:00,49,1,48,3.1363131999969482
2026-04-19T02:28:45.873622+00:00,50,1,49,3.1241419315338135
2026-04-19T02:28:45.983144+00:00,51,1,50,3.115086078643799
2026-04-19T02:28:46.152689+00:00,52,1,51,3.1255428791046143
2026-04-19T02:28:46.284738+00:00,53,1,52,3.139268398284912
2026-04-19T02:28:46.408258+00:00,54,1,53,3.135532855987549
2026-04-19T02:28:46.527788+00:00,55,1,54,3.1124911308288574
2026-04-19T02:28:46.640323+00:00,56,1,55,3.1046366691589355
2026-04-19T02:28:46.778368+00:00,57,1,56,3.103675365447998
2026-04-19T02:28:46.897890+00:00,58,1,57,3.110461950302124
2026-04-19T02:28:47.015415+00:00,59,1,58,3.230518102645874
2026-04-19T02:28:47.145942+00:00,60,1,59,3.1547884941101074
2026-04-19T02:28:47.271050+00:00,61,1,60,3.1442463397979736
2026-04-19T02:28:47.374584+00:00,62,1,61,3.0994720458984375
2026-04-19T02:28:47.538100+00:00,63,1,62,3.067312240600586
2026-04-19T02:28:47.647637+00:00,64,1,63,3.20219087600708
2026-04-19T02:28:47.773322+00:00,65,1,64,3.091792106628418
2026-04-19T02:28:47.946870+00:00,66,1,65,3.117779016494751
2026-04-19T02:28:48.057380+00:00,67,1,66,3.080763578414917
2026-04-19T02:28:48.166334+00:00,68,1,67,3.0920674800872803
2026-04-19T02:28:48.274851+00:00,69,1,68,3.0802221298217773
2026-04-19T02:28:48.377372+00:00,70,1,69,3.0945470333099365
2026-04-19T02:28:48.490893+00:00,71,1,70,3.064771890640259
2026-04-19T02:28:48.597414+00:00,72,1,71,3.090683698654175
2026-04-19T02:28:48.711935+00:00,73,1,72,3.1038568019866943
2026-04-19T02:28:48.816459+00:00,74,1,73,3.08650803565979
2026-04-19T02:28:48.945976+00:00,75,1,74,3.091107130050659
2026-04-19T02:28:49.042491+00:00,76,1,75,3.111229419708252
2026-04-19T02:28:49.143002+00:00,77,1,76,3.1368095874786377
2026-04-19T02:28:49.244520+00:00,78,1,77,3.177719831466675
2026-04-19T02:28:49.351061+00:00,79,1,78,3.1035499572753906
2026-04-19T02:28:49.451585+00:00,80,1,79,3.0386970043182373
2026-04-19T02:28:49.551121+00:00,81,1,80,3.1393823623657227
2026-04-19T02:28:49.655643+00:00,82,1,81,3.0926194190979004
2026-04-19T02:28:49.803701+00:00,83,1,82,3.0781562328338623
2026-04-19T02:28:49.920254+00:00,84,1,83,3.1045005321502686
2026-04-19T02:28:50.020776+00:00,85,1,84,3.062375545501709
2026-04-19T02:28:50.125295+00:00,86,1,85,3.0726404190063477
2026-04-19T02:28:50.225814+00:00,87,1,86,3.1004796028137207
2026-04-19T02:28:50.334027+00:00,88,1,87,3.079803466796875
2026-04-19T02:28:50.449184+00:00,89,1,88,3.0963823795318604
2026-04-19T02:28:50.555300+00:00,90,1,89,3.085155725479126
2026-04-19T02:28:50.695348+00:00,91,1,90,3.0894858837127686
2026-04-19T02:28:50.844817+00:00,92,1,91,3.0716629028320312
2026-04-19T02:28:50.948350+00:00,93,1,92,3.0801026821136475
2026-04-19T02:28:51.074986+00:00,94,1,93,3.1023433208465576
2026-04-19T02:28:51.203597+00:00,95,1,94,3.092658042907715
2026-04-19T02:28:51.326774+00:00,96,1,95,3.1017391681671143
2026-04-19T02:28:51.430937+00:00,97,1,96,3.078413486480713
2026-04-19T02:28:51.558463+00:00,98,1,97,3.1043710708618164
2026-04-19T02:28:51.666511+00:00,99,1,98,3.0556440353393555
2026-04-19T02:28:51.767670+00:00,100,1,99,3.0950217247009277
2026-04-19T02:28:51.896203+00:00,101,1,100,3.131131172180176
2026-04-19T02:28:52.045730+00:00,102,1,101,3.062340259552002
2026-04-19T02:28:52.149264+00:00,103,1,102,3.071434497833252
2026-04-19T02:28:52.267493+00:00,104,1,103,3.0978221893310547
2026-04-19T02:28:52.400033+00:00,105,1,104,3.1328587532043457
2026-04-19T02:28:52.525562+00:00,106,1,105,3.0833423137664795
2026-04-19T02:28:52.647080+00:00,107,1,106,3.0750560760498047
2026-04-19T02:28:52.775115+00:00,108,1,107,3.1436665058135986
2026-04-19T02:28:52.899655+00:00,109,1,108,3.0862414836883545
2026-04-19T02:28:53.014696+00:00,110,1,109,3.056844711303711
2026-04-19T02:28:53.143225+00:00,111,1,110,3.1023504734039307
2026-04-19T02:28:53.265345+00:00,112,1,111,3.138474225997925
2026-04-19T02:28:53.398872+00:00,113,1,112,3.1229493618011475
2026-04-19T02:28:53.527431+00:00,114,1,113,3.1013550758361816
2026-04-19T02:28:53.646947+00:00,115,1,114,3.076979160308838
2026-04-19T02:28:53.774997+00:00,116,1,115,3.0882749557495117
2026-04-19T02:28:53.913890+00:00,117,1,116,3.145205020904541
2026-04-19T02:28:54.027412+00:00,118,1,117,3.0892369747161865
2026-04-19T02:28:54.125938+00:00,119,1,118,3.106541156768799
2026-04-19T02:28:54.225154+00:00,120,1,119,3.0603299140930176
2026-04-19T02:28:54.326671+00:00,121,1,120,3.168738842010498
2026-04-19T02:28:54.452201+00:00,122,1,121,3.070827007293701
2026-04-19T02:28:54.564241+00:00,123,1,122,3.091390371322632
2026-04-19T02:28:54.687774+00:00,124,1,123,3.0556328296661377
2026-04-19T02:28:54.843304+00:00,125,1,124,3.1003315448760986
2026-04-19T02:28:54.992348+00:00,126,1,125,3.0802907943725586
2026-04-19T02:28:55.121893+00:00,127,1,126,3.1249866485595703
2026-04-19T02:28:55.227439+00:00,128,1,127,3.0646092891693115
2026-04-19T02:28:55.344518+00:00,129,1,128,3.0807111263275146
2026-04-19T02:28:55.451104+00:00,130,1,129,3.1123435497283936
2026-04-19T02:28:55.552635+00:00,131,1,130,3.2401342391967773
2026-04-19T02:28:55.662754+00:00,132,1,131,3.0665969848632812
2026-04-19T02:28:55.774796+00:00,133,1,132,3.0803277492523193
2026-04-19T02:28:55.887319+00:00,134,1,133,3.1357057094573975
2026-04-19T02:28:55.984842+00:00,135,1,134,3.0741777420043945
2026-04-19T02:28:56.090360+00:00,136,1,135,3.09409499168396
2026-04-19T02:28:56.200881+00:00,137,1,136,3.0886054039001465
2026-04-19T02:28:56.324404+00:00,138,1,137,3.0414793491363525
2026-04-19T02:28:56.470442+00:00,139,1,138,3.072584390640259
2026-04-19T02:28:56.597717+00:00,140,1,139,3.1151351928710938
2026-04-19T02:28:56.749242+00:00,141,1,140,3.0669608116149902
2026-04-19T02:28:56.856770+00:00,142,1,141,3.182805299758911
2026-04-19T02:28:56.963284+00:00,143,1,142,3.0943028926849365
2026-04-19T02:28:57.079338+00:00,144,1,143,3.109729528427124
2026-04-19T02:28:57.198857+00:00,145,1,144,3.11364483833313
2026-04-19T02:28:57.320846+00:00,146,1,145,3.077327013015747
2026-04-19T02:28:57.458369+00:00,147,1,146,3.0577940940856934
2026-04-19T02:28:57.588174+00:00,148,1,147,3.200349807739258
2026-04-19T02:28:57.726012+00:00,149,1,148,3.091813087463379
2026-04-19T02:28:57.851551+00:00,150,1,149,3.093902826309204
2026-04-19T02:28:57.963071+00:00,151,1,150,3.1001999378204346
2026-04-19T02:28:58.086105+00:00,152,1,151,3.085401773452759
2026-04-19T02:28:58.204625+00:00,153,1,152,3.1179215908050537
2026-04-19T02:28:58.330164+00:00,154,1,153,3.180344343185425
2026-04-19T02:28:58.434684+00:00,155,1,154,3.0942904949188232
2026-04-19T02:28:58.557979+00:00,156,1,155,3.0759735107421875
2026-04-19T02:28:58.696769+00:00,157,1,156,3.0835585594177246
2026-04-19T02:28:58.821299+00:00,158,1,157,3.0779173374176025
2026-04-19T02:28:58.944919+00:00,159,1,158,3.1214401721954346
2026-04-19T02:28:59.076737+00:00,160,1,159,3.0728139877319336
2026-04-19T02:28:59.178271+00:00,161,1,160,3.0688958168029785
2026-04-19T02:28:59.300791+00:00,162,1,161,3.091705083847046
2026-04-19T02:28:59.419343+00:00,163,1,162,3.110234022140503
2026-04-19T02:28:59.543882+00:00,164,1,163,3.117046594619751
2026-04-19T02:28:59.688928+00:00,165,1,164,3.0762856006622314
2026-04-19T02:28:59.812491+00:00,166,1,165,3.091583251953125
2026-04-19T02:28:59.934007+00:00,167,1,166,3.114161491394043
2026-04-19T02:29:00.040522+00:00,168,1,167,3.0827629566192627
2026-04-19T02:29:00.160049+00:00,169,1,168,3.0949583053588867
2026-04-19T02:29:00.258572+00:00,170,1,169,3.0633091926574707
2026-04-19T02:29:00.385615+00:00,171,1,170,3.0739262104034424
2026-04-19T02:29:00.491199+00:00,172,1,171,3.116119384765625
2026-04-19T02:29:00.594750+00:00,173,1,172,3.1077537536621094
2026-04-19T02:29:00.719302+00:00,174,1,173,3.06907057762146
2026-04-19T02:29:00.824664+00:00,175,1,174,3.127352476119995
2026-04-19T02:29:00.954213+00:00,176,1,175,3.055316925048828
2026-04-19T02:29:01.103265+00:00,177,1,176,3.1065902709960938
2026-04-19T02:29:01.240856+00:00,178,1,177,3.1716678142547607
2026-04-19T02:29:01.385522+00:00,179,1,178,3.0485317707061768
2026-04-19T02:29:01.498056+00:00,180,1,179,3.068021535873413
2026-04-19T02:29:01.602595+00:00,181,1,180,3.0869882106781006
2026-04-19T02:29:01.717193+00:00,182,1,181,3.0788075923919678
2026-04-19T02:29:01.845727+00:00,183,1,182,3.133474826812744
2026-04-19T02:29:01.999761+00:00,184,1,183,3.1126999855041504
2026-04-19T02:29:02.102391+00:00,185,1,184,3.0445868968963623
2026-04-19T02:29:02.227950+00:00,186,1,185,3.065727710723877
2026-04-19T02:29:02.377994+00:00,187,1,186,3.1061840057373047
2026-04-19T02:29:02.525563+00:00,188,1,187,3.0607402324676514
2026-04-19T02:29:02.674377+00:00,189,1,188,3.0705952644348145
2026-04-19T02:29:02.820894+00:00,190,1,189,3.0799789428710938
2026-04-19T02:29:02.969200+00:00,191,1,190,3.119722366333008
2026-04-19T02:29:03.099726+00:00,192,1,191,3.1074719429016113
2026-04-19T02:29:03.203241+00:00,193,1,192,3.0938615798950195
2026-04-19T02:29:03.349734+00:00,194,1,193,3.1309304237365723
2026-04-19T02:29:03.499885+00:00,195,1,194,3.0525312423706055
2026-04-19T02:29:03.648486+00:00,196,1,195,3.1064200401306152
2026-04-19T02:29:03.795444+00:00,197,1,196,3.0953049659729004
2026-04-19T02:29:03.931691+00:00,198,1,197,3.049053430557251
2026-04-19T02:29:04.070741+00:00,199,1,198,3.0765492916107178
2026-04-19T02:29:04.167753+00:00,200,1,199,3.062248945236206
2026-04-19T02:29:04.290553+00:00,201,1,200,3.0611329078674316
2026-04-19T02:29:04.427068+00:00,202,1,201,3.080827236175537
2026-04-19T02:29:04.526590+00:00,203,1,202,3.074962615966797
2026-04-19T02:29:04.647110+00:00,204,1,203,3.0563933849334717
2026-04-19T02:29:04.748635+00:00,205,1,204,3.0830206871032715
2026-04-19T02:29:04.881668+00:00,206,1,205,3.043959617614746
2026-04-19T02:29:04.982203+00:00,207,1,206,3.07916522026062
2026-04-19T02:29:05.107723+00:00,208,1,207,3.101808786392212
2026-04-19T02:29:05.228242+00:00,209,1,208,3.06485652923584
2026-04-19T02:29:05.336762+00:00,210,1,209,3.082231044769287
2026-04-19T02:29:05.454313+00:00,211,1,210,3.1227381229400635
2026-04-19T02:29:05.555844+00:00,212,1,211,3.091322183609009
2026-04-19T02:29:05.686886+00:00,213,1,212,3.0439534187316895
2026-04-19T02:29:05.836761+00:00,214,1,213,3.079716682434082
2026-04-19T02:29:05.977816+00:00,215,1,214,3.1203668117523193
2026-04-19T02:29:06.098348+00:00,216,1,215,3.04423451423645
2026-04-19T02:29:06.217885+00:00,217,1,216,3.117469072341919
2026-04-19T02:29:06.343398+00:00,218,1,217,3.222632646560669
2026-04-19T02:29:06.457922+00:00,219,1,218,3.0718905925750732
2026-04-19T02:29:06.569445+00:00,220,1,219,3.1937499046325684
2026-04-19T02:29:06.698969+00:00,221,1,220,3.075580358505249
2026-04-19T02:29:06.828558+00:00,222,1,221,3.086528778076172
2026-04-19T02:29:06.955644+00:00,223,1,222,3.0698721408843994
2026-04-19T02:29:07.105225+00:00,224,1,223,3.1150963306427
2026-04-19T02:29:07.238763+00:00,225,1,224,3.0667810440063477
2026-04-19T02:29:07.378876+00:00,226,1,225,3.055001735687256
2026-04-19T02:29:07.514402+00:00,227,1,226,3.083116054534912
2026-04-19T02:29:07.626922+00:00,228,1,227,3.0444185733795166
2026-04-19T02:29:07.750164+00:00,229,1,228,3.108391046524048
2026-04-19T02:29:07.873196+00:00,230,1,229,3.147479295730591
2026-04-19T02:29:08.021719+00:00,231,1,230,3.0865230560302734
2026-04-19T02:29:08.156237+00:00,232,1,231,3.0702462196350098
2026-04-19T02:29:08.259418+00:00,233,1,232,3.116375207901001
2026-04-19T02:29:08.367940+00:00,234,1,233,3.0712473392486572
2026-04-19T02:29:08.525983+00:00,235,1,234,3.084192991256714
2026-04-19T02:29:08.645115+00:00,236,1,235,3.101907968521118
2026-04-19T02:29:08.751635+00:00,237,1,236,3.083975076675415
2026-04-19T02:29:08.860158+00:00,238,1,237,3.0750951766967773
2026-04-19T02:29:08.991181+00:00,239,1,238,3.053579807281494
2026-04-19T02:29:09.128769+00:00,240,1,239,3.072230339050293
2026-04-19T02:29:09.246295+00:00,241,1,240,3.113764524459839
2026-04-19T02:29:09.359819+00:00,242,1,241,3.07987904548645
2026-04-19T02:29:09.478843+00:00,243,1,242,3.1000099182128906
2026-04-19T02:29:09.588380+00:00,244,1,243,3.2126781940460205
2026-04-19T02:29:09.695908+00:00,245,1,244,3.0566065311431885
2026-04-19T02:29:09.802445+00:00,246,1,245,3.1796538829803467
2026-04-19T02:29:09.920972+00:00,247,1,246,3.0548999309539795
2026-04-19T02:29:10.027493+00:00,248,1,247,3.108874559402466
2026-04-19T02:29:10.142022+00:00,249,1,248,3.063112497329712
2026-04-19T02:29:10.248494+00:00,250,1,249,3.056920289993286
2026-04-19T02:29:10.359016+00:00,251,1,250,3.0420584678649902
2026-04-19T02:29:10.465542+00:00,252,1,251,3.072279691696167
2026-04-19T02:29:10.574573+00:00,253,1,252,3.0772852897644043
2026-04-19T02:29:10.685090+00:00,254,1,253,3.1144092082977295
2026-04-19T02:29:10.792624+00:00,255,1,254,3.0844619274139404
2026-04-19T02:29:10.912150+00:00,256,1,255,3.089388132095337
2026-04-19T02:29:11.014683+00:00,257,1,256,3.0716724395751953
2026-04-19T02:29:11.124209+00:00,258,1,257,3.061293363571167
2026-04-19T02:29:11.228749+00:00,259,1,258,3.0902328491210938
2026-04-19T02:29:11.334267+00:00,260,1,259,3.054145336151123
2026-04-19T02:29:11.449785+00:00,261,1,260,3.2195253372192383
2026-04-19T02:29:11.559316+00:00,262,1,261,3.082223653793335
2026-04-19T02:29:11.709372+00:00,263,1,262,3.163604259490967
2026-04-19T02:29:11.833903+00:00,264,1,263,3.07340145111084
2026-04-19T02:29:11.948435+00:00,265,1,264,3.1190319061279297
2026-04-19T02:29:12.053958+00:00,266,1,265,3.055100679397583
2026-04-19T02:29:12.165496+00:00,267,1,266,3.073802947998047
2026-04-19T02:29:12.271526+00:00,268,1,267,3.1431150436401367
2026-04-19T02:29:12.405518+00:00,269,1,268,3.0503218173980713
2026-04-19T02:29:12.525049+00:00,270,1,269,3.152167320251465
2026-04-19T02:29:12.636581+00:00,271,1,270,3.054532289505005
2026-04-19T02:29:12.746099+00:00,272,1,271,3.079045534133911
2026-04-19T02:29:12.860626+00:00,273,1,272,3.0708181858062744
2026-04-19T02:29:12.967462+00:00,274,1,273,3.0773024559020996
2026-04-19T02:29:13.093030+00:00,275,1,274,3.0618975162506104
2026-04-19T02:29:13.201561+00:00,276,1,275,3.049384593963623
2026-04-19T02:29:13.316092+00:00,277,1,276,3.0385985374450684
2026-04-19T02:29:13.440618+00:00,278,1,277,3.1022467613220215
2026-04-19T02:29:13.571142+00:00,279,1,278,3.0793802738189697
2026-04-19T02:29:13.707199+00:00,280,1,279,3.0532844066619873
2026-04-19T02:29:13.852717+00:00,281,1,280,3.056079864501953
2026-04-19T02:29:13.987840+00:00,282,1,281,3.153346061706543
2026-04-19T02:29:14.122930+00:00,283,1,282,3.1869771480560303
2026-04-19T02:29:14.226449+00:00,284,1,283,3.15718674659729
2026-04-19T02:29:14.335974+00:00,285,1,284,3.0738162994384766
2026-04-19T02:29:14.445486+00:00,286,1,285,3.0779342651367188
2026-04-19T02:29:14.552030+00:00,287,1,286,3.0571413040161133
2026-04-19T02:29:14.678664+00:00,288,1,287,3.0765304565429688
2026-04-19T02:29:14.782192+00:00,289,1,288,3.2044572830200195
2026-04-19T02:29:14.886715+00:00,290,1,289,3.0685155391693115
2026-04-19T02:29:14.991243+00:00,291,1,290,3.060616970062256
2026-04-19T02:29:15.121755+00:00,292,1,291,3.117111921310425
2026-04-19T02:29:15.241278+00:00,293,1,292,3.0888726711273193
2026-04-19T02:29:15.352815+00:00,294,1,293,3.081056594848633
2026-04-19T02:29:15.456382+00:00,295,1,294,3.180147171020508
2026-04-19T02:29:15.584433+00:00,296,1,295,3.0788075923919678
2026-04-19T02:29:15.691948+00:00,297,1,296,3.0665366649627686
2026-04-19T02:29:15.795480+00:00,298,1,297,3.1259100437164307
2026-04-19T02:29:15.905013+00:00,299,1,298,3.08467698097229
2026-04-19T02:29:16.047540+00:00,300,1,299,3.081859827041626
2026-04-19T02:29:16.152058+00:00,301,1,300,3.055077075958252
2026-04-19T02:29:16.256580+00:00,302,1,301,3.0767292976379395
2026-04-19T02:29:16.363108+00:00,303,1,302,3.056152105331421
2026-04-19T02:29:16.465628+00:00,304,1,303,3.0661773681640625
2026-04-19T02:29:16.583260+00:00,305,1,304,3.074237585067749
2026-04-19T02:29:16.694792+00:00,306,1,305,3.0831708908081055
2026-04-19T02:29:16.822017+00:00,307,1,306,3.071014165878296
2026-04-19T02:29:16.982081+00:00,308,1,307,3.1060798168182373
2026-04-19T02:29:17.136266+00:00,309,1,308,3.066117286682129
2026-04-19T02:29:17.246795+00:00,310,1,309,3.0637588500976562
2026-04-19T02:29:17.351333+00:00,311,1,310,3.0745344161987305
2026-04-19T02:29:17.455859+00:00,312,1,311,3.021174430847168
2026-04-19T02:29:17.571390+00:00,313,1,312,3.0880672931671143
2026-04-19T02:29:17.703509+00:00,314,1,313,3.061147689819336
2026-04-19T02:29:17.831033+00:00,315,1,314,3.0625596046447754
2026-04-19T02:29:17.936555+00:00,316,1,315,3.0699806213378906
2026-04-19T02:29:18.043090+00:00,317,1,316,3.076032876968384
2026-04-19T02:29:18.179083+00:00,318,1,317,3.0344388484954834
2026-04-19T02:29:18.292610+00:00,319,1,318,3.0471770763397217
2026-04-19T02:29:18.398143+00:00,320,1,319,3.04544734954834
2026-04-19T02:29:18.514669+00:00,321,1,320,3.113173246383667
2026-04-19T02:29:18.622194+00:00,322,1,321,3.1590614318847656
2026-04-19T02:29:18.749726+00:00,323,1,322,3.069702625274658
2026-04-19T02:29:18.880812+00:00,324,1,323,3.082551956176758
2026-04-19T02:29:18.987335+00:00,325,1,324,3.060140371322632
2026-04-19T02:29:19.118859+00:00,326,1,325,3.091643810272217
2026-04-19T02:29:19.220377+00:00,327,1,326,3.0767159461975098
2026-04-19T02:29:19.323906+00:00,328,1,327,3.0822055339813232
2026-04-19T02:29:19.431441+00:00,329,1,328,3.096263885498047
2026-04-19T02:29:19.570980+00:00,330,1,329,3.0648913383483887
2026-04-19T02:29:19.675758+00:00,331,1,330,3.039360761642456
2026-04-19T02:29:19.780284+00:00,332,1,331,3.062242269515991
2026-04-19T02:29:19.892809+00:00,333,1,332,3.116814374923706
2026-04-19T02:29:20.000329+00:00,334,1,333,3.087357759475708
2026-04-19T02:29:20.132858+00:00,335,1,334,3.049734592437744
2026-04-19T02:29:20.263495+00:00,336,1,335,3.069626569747925
2026-04-19T02:29:20.381535+00:00,337,1,336,3.097315549850464
2026-04-19T02:29:20.487059+00:00,338,1,337,3.0553719997406006
2026-04-19T02:29:20.598578+00:00,339,1,338,3.0760600566864014
2026-04-19T02:29:20.704102+00:00,340,1,339,3.0605714321136475
2026-04-19T02:29:20.811621+00:00,341,1,340,3.0198354721069336
2026-04-19T02:29:20.924143+00:00,342,1,341,3.035374641418457
2026-04-19T02:29:21.031665+00:00,343,1,342,3.070564031600952
2026-04-19T02:29:21.155196+00:00,344,1,343,3.0737831592559814
2026-04-19T02:29:21.282249+00:00,345,1,344,3.0639259815216064
2026-04-19T02:29:21.416777+00:00,346,1,345,3.0738418102264404
2026-04-19T02:29:21.544296+00:00,347,1,346,3.053098440170288
2026-04-19T02:29:21.647912+00:00,348,1,347,3.1015465259552
2026-04-19T02:29:21.790006+00:00,349,1,348,3.087275266647339
2026-04-19T02:29:21.891520+00:00,350,1,349,3.0728890895843506
2026-04-19T02:29:21.997046+00:00,351,1,350,3.085197687149048
2026-04-19T02:29:22.102578+00:00,352,1,351,3.1118898391723633
2026-04-19T02:29:22.210106+00:00,353,1,352,3.1047778129577637
2026-04-19T02:29:22.313634+00:00,354,1,353,3.1311514377593994
2026-04-19T02:29:22.422151+00:00,355,1,354,3.1059863567352295
2026-04-19T02:29:22.535675+00:00,356,1,355,3.0903985500335693
2026-04-19T02:29:22.648206+00:00,357,1,356,3.071380615234375
2026-04-19T02:29:22.757746+00:00,358,1,357,3.0749571323394775
2026-04-19T02:29:22.865279+00:00,359,1,358,3.0627946853637695
2026-04-19T02:29:22.973312+00:00,360,1,359,3.075155735015869
2026-04-19T02:29:23.093340+00:00,361,1,360,3.069650411605835
2026-04-19T02:29:23.209865+00:00,362,1,361,3.0509777069091797
2026-04-19T02:29:23.318386+00:00,363,1,362,3.1321983337402344
2026-04-19T02:29:23.423909+00:00,364,1,363,3.106537342071533
2026-04-19T02:29:23.561445+00:00,365,1,364,3.073841094970703
2026-04-19T02:29:23.703532+00:00,366,1,365,3.036745071411133
2026-04-19T02:29:23.806047+00:00,367,1,366,3.082477331161499
2026-04-19T02:29:23.914578+00:00,368,1,367,3.1042096614837646
2026-04-19T02:29:24.025099+00:00,369,1,368,3.147584915161133
2026-04-19T02:29:24.131632+00:00,370,1,369,3.0924441814422607
2026-04-19T02:29:24.260164+00:00,371,1,370,3.086918354034424
2026-04-19T02:29:24.367699+00:00,372,1,371,3.024010419845581
2026-04-19T02:29:24.475214+00:00,373,1,372,3.0702908039093018
2026-04-19T02:29:24.607253+00:00,374,1,373,3.068598747253418
2026-04-19T02:29:24.709867+00:00,375,1,374,3.0447592735290527
2026-04-19T02:29:24.818394+00:00,376,1,375,3.0945029258728027
2026-04-19T02:29:24.937922+00:00,377,1,376,3.083559274673462
2026-04-19T02:29:25.043453+00:00,378,1,377,3.0558435916900635
2026-04-19T02:29:25.149987+00:00,379,1,378,3.0211315155029297
2026-04-19T02:29:25.255518+00:00,380,1,379,3.1143670082092285
2026-04-19T02:29:25.362049+00:00,381,1,380,3.0733327865600586
2026-04-19T02:29:25.477329+00:00,382,1,381,3.0597102642059326
2026-04-19T02:29:25.583237+00:00,383,1,382,3.06816029548645
2026-04-19T02:29:25.706779+00:00,384,1,383,3.046074151992798
2026-04-19T02:29:25.812391+00:00,385,1,384,3.0517871379852295
2026-04-19T02:29:25.927915+00:00,386,1,385,3.0607314109802246
2026-04-19T02:29:26.033625+00:00,387,1,386,3.0675389766693115
2026-04-19T02:29:26.166200+00:00,388,1,387,3.0534019470214844
2026-04-19T02:29:26.272737+00:00,389,1,388,3.1194589138031006
2026-04-19T02:29:26.381384+00:00,390,1,389,3.0548579692840576
2026-04-19T02:29:26.510933+00:00,391,1,390,3.078648328781128
2026-04-19T02:29:26.626468+00:00,392,1,391,3.110473871231079
2026-04-19T02:29:26.730011+00:00,393,1,392,3.0893783569335938
2026-04-19T02:29:26.852238+00:00,394,1,393,3.054340362548828
2026-04-19T02:29:26.965793+00:00,395,1,394,3.176621675491333
2026-04-19T02:29:27.063391+00:00,396,1,395,3.091099739074707
2026-04-19T02:29:27.194674+00:00,397,1,396,3.1389527320861816
2026-04-19T02:29:27.331943+00:00,398,1,397,3.0718300342559814
2026-04-19T02:29:27.438358+00:00,399,1,398,3.041503667831421
2026-04-19T02:29:27.560897+00:00,400,1,399,3.0777101516723633
2026-04-19T02:29:27.690961+00:00,401,1,400,3.0968143939971924
2026-04-19T02:29:27.864496+00:00,402,1,401,3.0605831146240234
2026-04-19T02:29:27.972008+00:00,403,1,402,3.149979591369629
2026-04-19T02:29:28.076534+00:00,404,1,403,3.0525245666503906
2026-04-19T02:29:28.196564+00:00,405,1,404,3.0440807342529297
2026-04-19T02:29:28.304091+00:00,406,1,405,3.0623703002929688
2026-04-19T02:29:28.420609+00:00,407,1,406,3.1489033699035645
2026-04-19T02:29:28.524137+00:00,408,1,407,3.1420557498931885
2026-04-19T02:29:28.655655+00:00,409,1,408,3.08351469039917
2026-04-19T02:29:28.770185+00:00,410,1,409,3.0484213829040527
2026-04-19T02:29:28.886225+00:00,411,1,410,3.1114301681518555
2026-04-19T02:29:29.016744+00:00,412,1,411,3.100773811340332
2026-04-19T02:29:29.131262+00:00,413,1,412,3.066082239151001
2026-04-19T02:29:29.246788+00:00,414,1,413,3.072171926498413
2026-04-19T02:29:29.350303+00:00,415,1,414,3.0770790576934814
2026-04-19T02:29:29.460827+00:00,416,1,415,3.0781822204589844
2026-04-19T02:29:29.564346+00:00,417,1,416,3.083899736404419
2026-04-19T02:29:29.664878+00:00,418,1,417,3.0722038745880127
2026-04-19T02:29:29.771395+00:00,419,1,418,3.0823183059692383
2026-04-19T02:29:29.882599+00:00,420,1,419,3.0817642211914062
2026-04-19T02:29:30.016124+00:00,421,1,420,3.0455164909362793
2026-04-19T02:29:30.138648+00:00,422,1,421,3.071209669113159
2026-04-19T02:29:30.250194+00:00,423,1,422,3.068164587020874
2026-04-19T02:29:30.378764+00:00,424,1,423,3.041760206222534
2026-04-19T02:29:30.506840+00:00,425,1,424,3.08143949508667
2026-04-19T02:29:30.613381+00:00,426,1,425,3.0298752784729004
2026-04-19T02:29:30.713920+00:00,427,1,426,3.112640142440796
2026-04-19T02:29:30.837463+00:00,428,1,427,3.1679840087890625
2026-04-19T02:29:30.952030+00:00,429,1,428,3.0971992015838623
2026-04-19T02:29:31.061100+00:00,430,1,429,3.0614547729492188
2026-04-19T02:29:31.162637+00:00,431,1,430,3.04939603805542
2026-04-19T02:29:31.266218+00:00,432,1,431,3.0715034008026123
2026-04-19T02:29:31.398275+00:00,433,1,432,3.0288798809051514
2026-04-19T02:29:31.556822+00:00,434,1,433,3.0806894302368164
2026-04-19T02:29:31.662339+00:00,435,1,434,3.0664122104644775
2026-04-19T02:29:31.825400+00:00,436,1,435,3.063265085220337
2026-04-19T02:29:31.946918+00:00,437,1,436,3.034095525741577
2026-04-19T02:29:32.075478+00:00,438,1,437,3.066342353820801
2026-04-19T02:29:32.191452+00:00,439,1,438,3.081429958343506
2026-04-19T02:29:32.299001+00:00,440,1,439,3.04914927482605
2026-04-19T02:29:32.422525+00:00,441,1,440,3.066967010498047
2026-04-19T02:29:32.545053+00:00,442,1,441,3.0992045402526855
2026-04-19T02:29:32.647575+00:00,443,1,442,3.064112424850464
2026-04-19T02:29:32.771131+00:00,444,1,443,3.05754017829895
2026-04-19T02:29:32.900670+00:00,445,1,444,3.060004711151123
2026-04-19T02:29:33.010756+00:00,446,1,445,3.1106503009796143
2026-04-19T02:29:33.119294+00:00,447,1,446,3.0625534057617188
2026-04-19T02:29:33.233804+00:00,448,1,447,3.091420888900757
2026-04-19T02:29:33.338326+00:00,449,1,448,3.076002836227417
2026-04-19T02:29:33.440850+00:00,450,1,449,3.063122272491455
2026-04-19T02:29:33.552371+00:00,451,1,450,3.0747790336608887
2026-04-19T02:29:33.657891+00:00,452,1,451,3.064337968826294
2026-04-19T02:29:33.785935+00:00,453,1,452,3.0687789916992188
2026-04-19T02:29:33.923479+00:00,454,1,453,3.162928581237793
2026-04-19T02:29:34.033008+00:00,455,1,454,3.076528787612915
2026-04-19T02:29:34.140536+00:00,456,1,455,3.0644426345825195
2026-04-19T02:29:34.265052+00:00,457,1,456,3.061824083328247
2026-04-19T02:29:34.396071+00:00,458,1,457,3.080193042755127
2026-04-19T02:29:34.496597+00:00,459,1,458,3.076931953430176
2026-04-19T02:29:34.650793+00:00,460,1,459,3.023733139038086
2026-04-19T02:29:34.777146+00:00,461,1,460,3.0549263954162598
2026-04-19T02:29:34.882200+00:00,462,1,461,3.066502571105957
2026-04-19T02:29:35.018730+00:00,463,1,462,3.1401400566101074
2026-04-19T02:29:35.120258+00:00,464,1,463,3.0697181224823
2026-04-19T02:29:35.230785+00:00,465,1,464,3.072275161743164
2026-04-19T02:29:35.341067+00:00,466,1,465,3.0535335540771484
2026-04-19T02:29:35.444631+00:00,467,1,466,3.0921623706817627
2026-04-19T02:29:35.556164+00:00,468,1,467,3.0667362213134766
2026-04-19T02:29:35.661693+00:00,469,1,468,3.0814859867095947
2026-04-19T02:29:35.771223+00:00,470,1,469,3.088358163833618
2026-04-19T02:29:35.878598+00:00,471,1,470,3.0600345134735107
2026-04-19T02:29:35.988640+00:00,472,1,471,3.0791170597076416
2026-04-19T02:29:36.095160+00:00,473,1,472,3.0334577560424805
2026-04-19T02:29:36.201678+00:00,474,1,473,3.0540688037872314
2026-04-19T02:29:36.307204+00:00,475,1,474,3.082735300064087
2026-04-19T02:29:36.413792+00:00,476,1,475,3.0517499446868896
2026-04-19T02:29:36.539309+00:00,477,1,476,3.0640974044799805
2026-04-19T02:29:36.646753+00:00,478,1,477,3.046788454055786
2026-04-19T02:29:36.757284+00:00,479,1,478,3.0493011474609375
2026-04-19T02:29:36.860500+00:00,480,1,479,3.08194899559021
2026-04-19T02:29:36.964856+00:00,481,1,480,3.0451011657714844
2026-04-19T02:29:37.092742+00:00,482,1,481,3.1331474781036377
2026-04-19T02:29:37.199263+00:00,483,1,482,3.0598068237304688
2026-04-19T02:29:37.305782+00:00,484,1,483,3.056326150894165
2026-04-19T02:29:37.432299+00:00,485,1,484,3.058551073074341
2026-04-19T02:29:37.544869+00:00,486,1,485,3.0402016639709473
2026-04-19T02:29:37.662402+00:00,487,1,486,3.0485119819641113
2026-04-19T02:29:37.791470+00:00,488,1,487,3.043665885925293
2026-04-19T02:29:37.904000+00:00,489,1,488,3.072582244873047
2026-04-19T02:29:38.010537+00:00,490,1,489,3.089226007461548
2026-04-19T02:29:38.135992+00:00,491,1,490,3.1187875270843506
2026-04-19T02:29:38.244517+00:00,492,1,491,3.0770843029022217
2026-04-19T02:29:38.350752+00:00,493,1,492,3.0764801502227783
2026-04-19T02:29:38.457849+00:00,494,1,493,3.0916595458984375
2026-04-19T02:29:38.566892+00:00,495,1,494,3.103411912918091
2026-04-19T02:29:38.672950+00:00,496,1,495,3.0493249893188477
2026-04-19T02:29:38.782144+00:00,497,1,496,3.0802719593048096
2026-04-19T02:29:38.912170+00:00,498,1,497,3.0716214179992676
2026-04-19T02:29:39.067383+00:00,499,1,498,3.0591907501220703
2026-04-19T02:29:39.177557+00:00,500,1,499,3.1457438468933105
